=============================================
         HASIL EVALUASI MODEL
=============================================
  β₀ (intercept) = 2.1743
  β₁ (slope)     = 2.9792
  Persamaan      : y = 2.1743 + 2.9792x
---------------------------------------------
  SSE            = 2.9355
  TSS            = 1368.1301
  R²             = 0.9979
---------------------------------------------
  INTERPRETASI:
  Model sangat baik — garis regresi menjelaskan 99.79% variasi data.
=============================================

  TABEL RESIDUAL:
    i |     xᵢ |     yᵢ |     ŷᵢ |      rᵢ |      rᵢ²
  ------------------------------------------------
    1 |   7.74 |  25.13 |  25.23 | -0.1054 |   0.0111
    2 |   4.39 |  14.83 |  15.25 | -0.4233 |   0.1792
    3 |   8.59 |  28.37 |  27.75 |  0.6159 |   0.3793
    4 |   6.97 |  22.84 |  22.95 | -0.1062 |   0.0113
    5 |   0.94 |   4.61 |   4.98 | -0.3689 |   0.1361
    6 |   9.76 |  31.09 |  31.24 | -0.1470 |   0.0216
    7 |   7.61 |  25.10 |  24.85 |  0.2505 |   0.0627
    8 |   7.86 |  25.76 |  25.59 |  0.1722 |   0.0297
    9 |   1.28 |   6.05 |   5.99 |  0.0587 |   0.0034
   10 |   4.50 |  15.73 |  15.59 |  0.1349 |   0.0182
   11 |   3.71 |  14.19 |  13.22 |  0.9738 |   0.9482
   12 |   9.27 |  29.60 |  29.78 | -0.1844 |   0.0340
   13 |   6.44 |  21.06 |  21.36 | -0.2963 |   0.0878
   14 |   8.23 |  26.28 |  26.69 | -0.4097 |   0.1679
   15 |   4.43 |  15.61 |  15.38 |  0.2261 |   0.0511
   16 |   2.27 |   9.38 |   8.94 |  0.4375 |   0.1914
   17 |   5.55 |  18.58 |  18.70 | -0.1157 |   0.0134
   18 |   0.64 |   3.49 |   4.08 | -0.5811 |   0.3377
   19 |   8.28 |  26.42 |  26.83 | -0.4141 |   0.1715
   20 |   6.32 |  21.28 |  20.99 |  0.2826 |   0.0799
  ------------------------------------------------
                               TOTAL SSE |   2.9355
