=== MATRIKS A ===
[[1.     7.7396]
 [1.     4.3888]
 [1.     8.586 ]
 [1.     6.9737]
 [1.     0.9418]
 [1.     9.7562]
 [1.     7.6114]
 [1.     7.8606]
 [1.     1.2811]
 [1.     4.5039]
 [1.     3.708 ]
 [1.     9.2676]
 [1.     6.4387]
 [1.     8.2276]
 [1.     4.4341]
 [1.     2.2724]
 [1.     5.5458]
 [1.     0.6382]
 [1.     8.2763]
 [1.     6.3166]]

=== VEKTOR b ===
[[25.1263]
 [14.8259]
 [28.3692]
 [22.8438]
 [ 4.6112]
 [31.0926]
 [25.1003]
 [25.7647]
 [ 6.0498]
 [15.727 ]
 [14.1948]
 [29.5997]
 [21.0598]
 [26.276 ]
 [15.6104]
 [ 9.3816]
 [18.5806]
 [ 3.4944]
 [26.4167]
 [21.2752]]

=== MATRIKS A^T ===
[[1.     1.     1.     1.     1.     1.     1.     1.     1.     1.     1.     1.     1.
  1.     1.     1.     1.     1.     1.     1.    ]
 [7.7396 4.3888 8.586  6.9737 0.9418 9.7562 7.6114 7.8606 1.2811 4.5039 3.708  9.2676 6.4387
  8.2276 4.4341 2.2724 5.5458 0.6382 8.2763 6.3166]]

=== MATRIKS A^T A ===
[[ 20.     114.7684]
 [114.7684 812.4082]]

=== VEKTOR A^T b ===
[[ 385.3999]
 [2669.8364]]

beta0 = 2.174349
beta1 = 2.979155

Persamaan Regresi:
y = 2.174349 + 2.979155x
